0.33214285714285713
0.3571428571428571
0.6481150793650794
0.5
0.25297619047619047
0.0625
0.11666666666666665
0.05
0.9166666666666666
0.20833333333333331
0.11224489795918367
0.3333333333333333
0.0
0.6111111111111112
1.0
0.16666666666666666
0.16666666666666666
0.3333333333333333
0.0
0.4478835978835979
0.0
0.0
0.20714285714285713
0.2619047619047619
0.6222222222222222
0.13888888888888887
0.037037037037037035
0.0
0.36296296296296293
0.0
0.0
0.16666666666666666
0.6388888888888888
0.14722222222222223
0.0
0.5
0.05
0.0
0.11666666666666665
0.045
0.7666666666666666
0.1638095238095238
0.5666666666666667
0.0
0.06999999999999999
0.3480952380952381
0.28174603174603174
0.16
0.16666666666666666
0.16666666666666666
0.4730952380952381
0.6916666666666667
0.13999999999999999
0.05555555555555555
0.3194444444444445
0.05833333333333333
0.05
0.08068783068783068
0.041666666666666664
0.6088888888888888
0.45999999999999996
0.0
0.0
0.5
0.33416666666666667
0.08444444444444445
0.6527777777777778
0.03333333333333333
0.02222222222222222
0.025
0.0
0.06190476190476191
0.4247619047619048
0.0
0.06666666666666667
0.047619047619047616
0.2125
0.8055555555555555
0.02857142857142857
0.0
0.41666666666666663
0.3933333333333333
0.0625
0.34444444444444444
0.25
0.5
0.0
0.6496031746031746
0.06666666666666667
0.16083333333333333
0.19722222222222222
0.49071428571428566
0.5
0.5114285714285713
0.5
0.3588888888888889
0.08333333333333333
0.0
0.18333333333333335
0.12962962962962962
0.7708333333333334
0.41666666666666663
0.0
0.02857142857142857
0.3833333333333333
0.32666666666666666
0.19047619047619047
0.6948979591836734
0.0
0.25
0.05952380952380952
0.25
0.35
0.0
0.03125
0.05
0.0
0.20634920634920637
1.0
0.38121693121693123
0.49829931972789115
0.2148148148148148
0.0
0.0
0.23333333333333334
0.20833333333333331
0.06666666666666667
0.0
0.369047619047619
0.5866666666666667
0.1589781746031746
0.6258730158730159
0.02040816326530612
0.16666666666666666
0.4375
0.3333333333333333
0.1625
0.07142857142857142
0.0
0.13888888888888887
0.06666666666666667
0.0
0.7
0.4861111111111111
0.3197278911564626
0.8333333333333333
0.1595238095238095
0.25
0.27380952380952384
0.8333333333333333
0.0
0.0
0.23809523809523808
0.75
0.28888888888888886
0.569047619047619
0.3588888888888889
0.2625
0.07291666666666666
0.06666666666666667
0.4583333333333333
0.09027777777777778
0.27777777777777773
0.2375
0.5833333333333333
0.0
0.125
0.1
0.225
0.5361111111111111
0.6388888888888888
0.7708333333333333
0.8333333333333333
0.06666666666666667
0.0
0.04642857142857143
0.65
0.5
0.29166666666666663
0.33730158730158727
0.25
0.5833333333333333
0.49071428571428566
0.2857142857142857
0.6296296296296297
0.29166666666666663
0.08333333333333333
0.31714285714285717
0.07222222222222223
0.36
0.37130952380952376
0.44166666666666665
0.6794973544973544
0.041666666666666664
0.041666666666666664
0.24
0.6666666666666666
0.5
0.05277777777777778
0.16666666666666666
0.21333333333333332
0.21111111111111108
0.12083333333333332
0.016666666666666666
0.6666666666666666
0.1111111111111111
0.18
0.5916666666666667
0.03428571428571429
0.27777777777777773
0.039285714285714285
0.513095238095238
0.4774999999999999
0.125
0.0
0.0
0.26
0.2
0.0
0.19285714285714287
0.3044444444444444
0.5728395061728394
0.5238095238095237
0.025
0.19666666666666666
