0.40714285714285714
0.3571428571428571
0.6347222222222223
0.25
0.1875
0.09821428571428571
0.11666666666666665
0.03333333333333333
1.0
0.09821428571428571
0.08333333333333333
0.3333333333333333
0.0
0.5
1.0
0.16666666666666666
0.125
0.3333333333333333
0.0
0.43306878306878305
0.03125
0.0
0.23380952380952377
0.25
0.6888888888888889
0.19444444444444442
0.0
0.0
0.4074074074074074
0.0
0.0
0.0925925925925926
0.6388888888888888
0.12222222222222223
0.0
0.5
0.027777777777777776
0.0
0.05357142857142857
0.04857142857142857
0.7666666666666666
0.14444444444444443
0.5666666666666667
0.0
0.12222222222222223
0.35583333333333333
0.1595238095238095
0.16
0.16666666666666666
0.0
0.24285714285714283
0.38749999999999996
0.12857142857142856
0.05555555555555555
0.2
0.04523809523809523
0.02
0.1962962962962963
0.03125
0.4533333333333333
0.45999999999999996
0.0
0.0
0.5
0.27166666666666667
0.04
0.2671428571428572
0.06666666666666667
0.0
0.0125
0.0
0.025
0.2375
0.023809523809523808
0.2
0.015873015873015872
0.3880952380952381
0.8055555555555555
0.02857142857142857
0.0
0.30952380952380953
0.4083333333333333
0.0
0.275
0.025
0.5
0.0
0.594047619047619
0.023809523809523808
0.1
0.14814814814814814
0.524047619047619
0.5
0.4514285714285714
0.5
0.25666666666666665
0.08333333333333333
0.0
0.25833333333333336
0.16666666666666666
0.7857142857142857
0.3333333333333333
0.0
0.0
0.3833333333333333
0.27999999999999997
0.16666666666666666
0.6722222222222222
0.0
0.25
0.07142857142857142
0.25
0.25
0.0
0.0
0.1
0.0
0.1574074074074074
1.0
0.34973544973544973
0.5595238095238095
0.20052910052910053
0.0
0.0
0.13999999999999999
0.1875
0.05
0.0
0.3880952380952381
0.4333333333333333
0.15833333333333333
0.5607142857142857
0.02040816326530612
0.25
0.4375
0.16666666666666666
0.1625
0.1
0.0
0.13095238095238096
0.05555555555555555
0.0
0.41666666666666663
0.4259259259259259
0.369047619047619
0.5833333333333333
0.11666666666666665
0.3277777777777778
0.27666666666666667
0.8333333333333333
0.0
0.0
0.2738095238095238
0.8333333333333333
0.3125
0.569047619047619
0.4797619047619047
0.28273809523809523
0.08333333333333333
0.05
0.37777777777777777
0.1527777777777778
0.38888888888888884
0.2
0.26666666666666666
0.0
0.05
0.05555555555555555
0.1875
0.4305555555555555
0.6388888888888888
0.6791666666666667
0.5833333333333333
0.06666666666666667
0.0
0.0
0.6088888888888888
0.625
0.25
0.2738095238095238
0.24
0.5
0.4716666666666667
0.09285714285714286
0.6666666666666666
0.27222222222222225
0.09722222222222221
0.26
0.07407407407407407
0.2
0.23174603174603173
0.44166666666666665
0.7961640211640211
0.03333333333333333
0.037037037037037035
0.15
0.6666666666666666
0.3333333333333333
0.05654761904761904
0.25
0.125
0.19166666666666665
0.05333333333333333
0.0
0.6428571428571428
0.08333333333333333
0.2333333333333333
0.5916666666666667
0.03428571428571429
0.27777777777777773
0.03111111111111111
0.5155555555555555
0.49555555555555547
0.08333333333333333
0.0
0.0
0.12333333333333334
0.09833333333333334
0.0
0.1
0.2733333333333333
0.48395061728395056
0.65
0.0
0.15
